00000000011100000000100000010011
00001111110000010000	001000010111 -- auipc1

00001111110000010000	001010010111 -- auipc2
01000000000000000000	011010110111 -- lui

00000000000000000000000000010011 -- nop

111111111100	00100000001000010011 -- addi2

000000010100	00101000001010010011 -- addi3 (modified to +20)

000000000111	01101000011010010011 -- addi4 (modified to +7)

00000110000010000000111001100011
00000000000000100010010000000011
00000000000000000000000000010011
00000000000000000000000000010011
00000000000000000000000000010011
01000001111101000101010010010011
00000000000000000000000000010011
00000000000000000000000000010011
00000000000000000000000000010011
00000000100101000100010100110011
00000000000101001111010010010011
00000000000000000000000000010011
00000000000000000000000000010011
00000000000000000000000000010011
00000000100101010000010100110011
00000000010000100000001000010011
11111111111110000000100000010011
00000000000000000000000000010011
00000000110101010010010110110011
00000000000000000000000000010011
00000000000000000000000000010011
00000000000000000000000000010011
11111010000001011000010011100011
00000000000000000000000000010011
00000000000000000000000000010011
00000000000000000000000000010011
00000000000001010000011010110011
11111001010111111111000011101111
00000000000000000000000000010011
00000000000000000000000000010011
00000000000000000000000000010011
00000000110100101010000000100011
00000000000000000000000011101111
00000000000000000000000000010011
