000000000111	00000	000	10000	0010011				-- addi
00001111110000010000	00100	0010111					-- auipc
111111111100	00100	000	00100	0010011				-- addi
00001111110000010000	00101	0010111					-- auipc
000000010000	00101	000	00101	0010011				-- addi
01000000000000000000	01101	0110111					-- lui
111111111111	01101	000	01101	0010011				-- addi
0	000001	00000	10000	000	1000	0	1100011		-- beq
000000000000	00100	010	01000	0000011				-- lw
0100000	11111	01000	101	01001	0010011				-- srai
0000000	01001	01000	100	01010	0110011				-- xor
000000000001	01001	111	01001	0010011				-- andi
0000000	01001	01010	000	01010	0110011				-- add
000000000100	00100	000	00100	0010011				-- addi
111111111111	10000	000	10000	0010011				-- addi
0000000	01101	01010	010	01011	0110011				-- slt
1	111110	00000	01011	000	1110	1	1100011		-- beq
0000000	00000	01010	000	01101	0110011				-- add
1	1111101010	1	11111111	00001	1101111			-- jal
000000001101	00101	010	00000	0100011				-- sw
0	0000000000	0	00000000	00001	1101111			-- jal
000000000000	00000	000	00000	0010011				-- addi (NOP)