00000000000000000000000000000000
00000000000000000000000000000111
00001111110000010000000000000000
11111111111111111111111111111100
00001111110000010000000000000000
00000000000000000000000000010000
01000000000000000000000000000000
11111111111111111111111111111111
00000000000000000000000000011000
00000000000000000000000000000000
00000000000000000000000000011111
00000000000000000000000000000000
00000000000000000000000000000001
00000000000000000000000000000000
00000000000000000000000000000100
11111111111111111111111111111111
00000000000000000000000000000000
11111111111111111111111111101110
00000000000000000000000000000000
11111111111111111111111111101010
00000000000000000000000000000000
00000000000000000000000000000000
00000000000000000000000000000000
11111111111111111111101111111111
11111111111111111111110111111111
11111111111111111111110011111111
00000000000000000000000000000100
00000000000000000000000000000100
00000000000000000000000000000100
00000000000000000000000000000100
00000000000000000000000000000100
00000000000000000000000000000100
00000000000000000000000000000100
00000000000000000000000000000100
00000000000000000000000000000100
00000000000000000000000000000100
00000000000000000000000000000100
00000000000000000000000000000100
00000000000000000000000000000100
00000000000000000000000000000100
