A_SRC1  S_M_J_A R_W   M_W   M_R   BR  S_M_A_S M_T_R
     0     0     0     0     0     0     0    00
     0     0     0     0     0     0     0    10
     0     1     0     0     0     0     1    11
     0     0     0     0     0     0     0    11
     0     1     0     0     0     1     0    00
     0     0     1     0     1     0     0    00
     0     0     0     1     0     0     0    00
     1     0     0     0     0     0     0    01
     1     0     0     0     0     0     0    01
     1     0     0     0     0     0     0    01
     0     0     0     0     0     0     0    01
     0     0     0     0     0     0     0    01
     0     0     0     0     0     0     0    01
     0     0     0     0     0     0     0    00
     0     0     0     0     0     0     0    00
