XXXXXXXXXXXXXXXXXXXXXXXXXXXXXXXX     0
11111111111111111111111000111110     0
11111111111111111111111000111110     0
11111111111111111111111000111110     0
00000000000000000000000000000001     0
11111111111111111111111000111110     0
11111111111111111111111000111110     0
11111111111111111111111000111110     0
00000000000000000000000000000001     0
11111111111111111111111111110001     0
11111111111111111111111000111110     0
00000000000000000000000000000001     0
11111111111111111111111000111100     0
11111111111111111111111000111110     0
11111111111111111111111000111110     0
